1  2  3  4  5  6  7  15  
混淆矩阵:
[[    84315         0      8324  11302486   6048609         0         0
          0]
 [     6388         0      8912   1034369   1215688         0         0
          0]
 [     1417         0      6272    251105   1580046         0         0
          0]
 [    15069         0    113029   8859521  11157415         0         0
          0]
 [    78472         0    123066   6329485  84636384         0         0
          0]
 [   148197         0     13521  10092279  24372833         0         0
          0]
 [     5703         0      1895    352905   2296843         0         0
          0]
 [     3840         0        21     98432 149830983         0         0
          0]]
精确度:
[0.00483354 0.         0.00341085 0.43978685 0.9283623  0.
 0.         0.        ]
召回率:
[0.24552928        nan 0.02280396 0.23119484 0.30104839        nan
        nan        nan]
F1-Score:
[0.00948045        nan 0.00593411 0.30306774 0.45466007        nan
        nan        nan]
整体精度:
0.2923866790596527
IoU:
[0.0047628  0.         0.00297589 0.17859743 0.29421363 0.
 0.         0.        ]
mIoU:
0.060068718410087804
FWIoU:
0.09531775149452079