1  2  3  4  5  6  7  15  
混淆矩阵:
[[  3509105         0    244192         0  13690437         0         0
          0]
 [      802         0       279         0   2264276         0         0
          0]
 [        0         0       276         0   1838564         0         0
          0]
 [      731         0      4209         0  20140094         0         0
          0]
 [    82419         0     21382         0  91063606         0         0
          0]
 [    23129         0     37568         0  34566133         0         0
          0]
 [      600         0       704         0   2656042         0         0
          0]
 [     3739         0      8171         0 149921366         0         0
          0]]
精确度:
[2.01167078e-01 0.00000000e+00 1.50094625e-04 0.00000000e+00
 9.98861424e-01 0.00000000e+00 0.00000000e+00 0.00000000e+00]
召回率:
[9.69225458e-01            nan 8.71264375e-04            nan
 2.88047880e-01            nan            nan            nan]
F1-Score:
[3.33180958e-01            nan 2.56074700e-04            nan
 4.47148707e-01            nan            nan            nan]
整体精度:
0.29546872638074423
IoU:
[1.99890300e-01 0.00000000e+00 1.28053745e-04 0.00000000e+00
 2.87953334e-01 0.00000000e+00 0.00000000e+00 0.00000000e+00]
mIoU:
0.0609964609652114
FWIoU:
0.09291186473041652