1  2  3  4  5  6  7  15  
混淆矩阵:
[[  3462809         0         0         0   4484835   9496090         0
          0]
 [   118700         0         0         0    583089   1563568         0
          0]
 [     8681         0         0         0    115623   1714536         0
          0]
 [   179793         0         0         0   1093482  18871759         0
          0]
 [  1963072         0         0         0  23917485  65286850         0
          0]
 [   323271         0         0         0   1335631  32967928         0
          0]
 [    26700         0         0         0    679224   1951422         0
          0]
 [146528593         0         0         0    578313   2826370         0
          0]]
精确度:
[0.19851306 0.         0.         0.         0.26234688 0.952092
 0.         0.        ]
召回率:
[0.02269034        nan        nan        nan 0.72946557 0.24478979
        nan        nan]
F1-Score:
[0.04072567        nan        nan        nan 0.38590566 0.38944933
        nan        nan]
整体精度:
0.1885423402528505
IoU:
[0.0207861  0.         0.         0.         0.23908494 0.24181129
 0.         0.        ]
mIoU:
0.06271029103953618
FWIoU:
0.0953908630905569

Process finished with exit code 0
