1  2  3  4  5  6  7  15  
混淆矩阵:
[[        0         0   4836801         0  10450519    344210   1812204
          0]
 [        0         0    294073         0   1111446     46742    813096
          0]
 [        0         0    222992         0   1182466     63821    369561
          0]
 [        0         0   3078716         0  10513092    487210   6066016
          0]
 [        0         0   8105351         0  69286909   1372632  12402515
          0]
 [        0         0   1484538         0   3763627    331313  29047352
          0]
 [        0         0    499007         0   1654471     34679    469189
          0]
 [        0         0    611120         0    669930    266277 148385949
          0]]
精确度:
[0.         0.         0.12126776 0.         0.75999649 0.0095681
 0.17656301 0.        ]
召回率:
[       nan        nan 0.01165508        nan 0.70247573 0.11242825
 0.00235341        nan]
F1-Score:
[       nan        nan 0.02126626        nan 0.73010493 0.01763536
 0.0046449         nan]
整体精度:
0.21966658646117265
IoU:
[0.         0.         0.01074741 0.         0.57493327 0.00889612
 0.00232786 0.        ]
mIoU:
0.07461308222021432
FWIoU:
0.16480107241050032