1  2  3  4  5  6  7  15  
混淆矩阵:
[[        0         0     47926   4735750  12660058         0         0
          0]
 [        0         0       655   1182114   1082588         0         0
          0]
 [        0         0        39   1568129    270672         0         0
          0]
 [        0         0       577  13990836   6153621         0         0
          0]
 [        0         0     15596  35251237  55900574         0         0
          0]
 [        0         0     36474  13652190  20938166         0         0
          0]
 [        0         0      1295    927919   1728132         0         0
          0]
 [        0         0        81    148627 149784568         0         0
          0]]
精确度:
[0.00000000e+00 0.00000000e+00 2.12090231e-05 6.94505455e-01
 6.13164023e-01 0.00000000e+00 0.00000000e+00 0.00000000e+00]
召回率:
[       nan        nan 0.00037996 0.19579432 0.22493537        nan
        nan        nan]
F1-Score:
[           nan            nan 4.01754741e-05 3.05470646e-01
 3.29131075e-01            nan            nan            nan]
整体精度:
0.21835767353879537
IoU:
[0.00000000e+00 0.00000000e+00 2.00881406e-05 1.80268725e-01
 1.96981984e-01 0.00000000e+00 0.00000000e+00 0.00000000e+00]
mIoU:
0.04715884957736767
FWIoU:
0.06745201194318279