1  2  3  4  5  6  7  15  
混淆矩阵:
[[  1962790     26965         0         0  15453979         0         0
          0]
 [     4372      1020         0         0   2259965         0         0
          0]
 [      838       350         0         0   1837652         0         0
          0]
 [    11166      5197         0         0  20128671         0         0
          0]
 [    63517     55886         0         0  91048004         0         0
          0]
 [    73269      9313         0         0  34544248         0         0
          0]
 [     2251      2367         0         0   2652728         0         0
          0]
 [     2437        84         0         0 149930755         0         0
          0]]
精确度:
[1.12521207e-01 4.50260158e-04 0.00000000e+00 0.00000000e+00
 9.98690289e-01 0.00000000e+00 0.00000000e+00 0.00000000e+00]
召回率:
[0.92556492 0.01008084        nan        nan 0.28644419        nan
        nan        nan]
F1-Score:
[0.2006494  0.00086202        nan        nan 0.44519703        nan
        nan        nan]
整体精度:
0.2905912469587396
IoU:
[0.11151212 0.0004312  0.         0.         0.28633662 0.
 0.         0.        ]
mIoU:
0.049784992758606525
FWIoU:
0.08763722464632265

Process finished with exit code 0
